2.020412935811339121e+05
1.920668779281147872e+05
1.861528911443618708e+05
2.046800256316092855e+05
2.020557447768148268e+05
1.874180808768501447e+05
2.222043433375295135e+05
1.805272116100265121e+05
1.939403243228114443e+05
1.872167876111378137e+05
2.068398300302319985e+05
2.003238580024619587e+05
2.126980844269492081e+05
2.137392668462035945e+05
2.037253940352380741e+05
1.955808216832784237e+05
2.137738935523652472e+05
2.063543085524040507e+05
1.876618660195875564e+05
1.990687761804583715e+05
2.122320256991126807e+05
2.029437749402737827e+05
2.215473010147926980e+05
1.802834675839899573e+05
2.047204347732718743e+05
1.980532435869400506e+05
2.055088043199632084e+05
1.898141784210163169e+05
2.017601920053401263e+05
1.808289913033893681e+05
2.137171753982543014e+05
1.919758094766592840e+05
1.843568410253300390e+05
2.018499857891668798e+05
2.011295121159158880e+05
1.891365690694711811e+05
2.044708117523638939e+05
1.891502242955763650e+05
1.964499954867293127e+05
1.983024684439837001e+05
1.933036896425320301e+05
2.248562847044454538e+05
1.960383946122230554e+05
1.942076833706226316e+05
2.057436479947863845e+05
2.035646351141068153e+05
2.005913340461974440e+05
1.861240998938868870e+05
2.153729967168482253e+05
1.929258260180876241e+05
2.033007316008700291e+05
2.025146840537154640e+05
1.967726480938924069e+05
1.949485363983020070e+05
2.156478481393491384e+05
2.056933816229077347e+05
2.053159108664819214e+05
1.902494340328818944e+05
2.086694758493552799e+05
2.058053470363698143e+05
2.119014630966304394e+05
2.052805541304211947e+05
1.965731497375562321e+05
1.823991334874540917e+05
1.793419395638533751e+05
1.872668387488793815e+05
1.889216944705217611e+05
2.093784541520082275e+05
1.876389658450110583e+05
2.018413236357675050e+05
2.108832862284579314e+05
1.970129808029722772e+05
1.981351327396890556e+05
1.644747323111051228e+05
2.141872660211955372e+05
1.642962068768180325e+05
2.100655009727363067e+05
1.762960746208554483e+05
2.037347114767163876e+05
2.084017598948381492e+05
2.016435227948647225e+05
1.921103469658027170e+05
1.977080888021003921e+05
2.126047182183696714e+05
2.095219540302305541e+05
2.095127732954841922e+05
1.978883497375801671e+05
2.048294043716281885e+05
2.031260422257302271e+05
1.811595115539944381e+05
1.976099070828008698e+05
2.122959912038495531e+05
1.969466163602604065e+05
2.147978523329472519e+05
2.036279088493206364e+05
1.968944220510763989e+05
1.952008838824168779e+05
2.063578307937500649e+05
2.036265479087094136e+05
1.915573080795030983e+05
