2.004000000000004036e+02
2.004000000000004036e+02
2.004000000000004889e+02
2.004000000000006878e+02
2.004000000000005173e+02
2.004000000000004036e+02
2.004000000000003467e+02
2.004000000000003467e+02
2.003999999999998067e+02
2.004000000000000057e+02
2.003999999999999773e+02
2.004000000000000625e+02
2.004000000000000909e+02
2.003999999999996646e+02
2.003999999999997215e+02
2.003999999999996646e+02
2.003999999999996930e+02
2.003999999999993520e+02
2.003999999999996930e+02
2.003999999999994373e+02
2.003999999999996646e+02
2.003999999999994657e+02
2.003999999999990962e+02
2.003999999999994088e+02
2.003999999999994088e+02
2.003999999999994373e+02
2.003999999999993236e+02
2.003999999999991815e+02
2.003999999999992383e+02
2.003999999999992951e+02
2.003999999999992951e+02
2.003999999999990962e+02
2.003999999999992099e+02
2.003999999999990393e+02
2.003999999999991246e+02
2.003999999999990678e+02
2.003999999999992099e+02
2.003999999999991815e+02
2.003999999999989257e+02
2.003999999999989825e+02
2.003999999999991530e+02
2.003999999999990962e+02
2.003999999999992667e+02
2.003999999999991815e+02
2.003999999999990393e+02
2.003999999999990678e+02
2.003999999999992383e+02
2.003999999999990678e+02
2.003999999999992099e+02
2.003999999999993236e+02
2.003999999999992951e+02
2.003999999999992099e+02
2.003999999999993804e+02
2.003999999999992667e+02
2.003999999999992951e+02
2.003999999999993236e+02
2.003999999999993520e+02
2.003999999999993520e+02
2.003999999999993520e+02
2.003999999999992951e+02
2.003999999999996646e+02
2.003999999999995225e+02
2.003999999999995794e+02
2.003999999999996930e+02
2.003999999999994657e+02
2.003999999999997499e+02
2.003999999999997499e+02
2.003999999999997499e+02
2.003999999999997215e+02
2.003999999999997783e+02
2.003999999999998636e+02
2.003999999999998636e+02
2.003999999999996930e+02
2.003999999999998920e+02
2.003999999999999204e+02
2.003999999999996930e+02
2.003999999999999773e+02
2.003999999999997783e+02
2.004000000000000057e+02
2.004000000000000625e+02
2.004000000000000341e+02
2.004000000000000909e+02
2.004000000000001762e+02
2.004000000000000625e+02
2.004000000000000909e+02
2.004000000000001478e+02
2.004000000000000625e+02
2.004000000000002331e+02
2.004000000000002331e+02
2.004000000000002615e+02
2.004000000000002331e+02
2.004000000000001762e+02
2.004000000000002899e+02
2.004000000000002331e+02
2.004000000000002899e+02
2.004000000000002899e+02
2.004000000000002331e+02
2.004000000000002615e+02
2.004000000000002899e+02
2.004000000000003467e+02
