2.004000000000000625e+02
2.004000000000000057e+02
2.003999999999999488e+02
2.004000000000000057e+02
2.003999999999999488e+02
2.004000000000000341e+02
2.004000000000000625e+02
2.003999999999999488e+02
2.003999999999999204e+02
2.004000000000001194e+02
2.004000000000000057e+02
2.004000000000000909e+02
2.003999999999999204e+02
2.004000000000000057e+02
2.003999999999998920e+02
2.004000000000000625e+02
2.004000000000000625e+02
2.003999999999999773e+02
2.004000000000000625e+02
2.004000000000000057e+02
2.004000000000000057e+02
2.004000000000000909e+02
2.004000000000000057e+02
2.004000000000000625e+02
2.003999999999999773e+02
2.004000000000001194e+02
2.004000000000000625e+02
2.004000000000000625e+02
2.003999999999999204e+02
2.004000000000000625e+02
2.004000000000001478e+02
2.004000000000000057e+02
2.004000000000000909e+02
2.004000000000000057e+02
2.003999999999999773e+02
2.003999999999999488e+02
2.003999999999999773e+02
2.004000000000000057e+02
2.003999999999998920e+02
2.003999999999999204e+02
2.004000000000000057e+02
2.003999999999999773e+02
2.004000000000000625e+02
2.004000000000000057e+02
2.004000000000000341e+02
2.004000000000000341e+02
2.004000000000000057e+02
2.003999999999999488e+02
2.003999999999999488e+02
2.003999999999999773e+02
2.004000000000000341e+02
2.003999999999999488e+02
2.004000000000001478e+02
2.003999999999999204e+02
2.003999999999999773e+02
2.004000000000001194e+02
2.003999999999999773e+02
2.004000000000000341e+02
2.003999999999999773e+02
2.004000000000000341e+02
2.004000000000001762e+02
2.004000000000000057e+02
2.004000000000000057e+02
2.004000000000000057e+02
2.003999999999999488e+02
2.004000000000000341e+02
2.004000000000000057e+02
2.004000000000000341e+02
2.004000000000000625e+02
2.003999999999999488e+02
2.004000000000000625e+02
2.003999999999999773e+02
2.003999999999999773e+02
2.004000000000000057e+02
2.004000000000000341e+02
2.003999999999999488e+02
2.004000000000000341e+02
2.004000000000001194e+02
2.004000000000000909e+02
2.003999999999999488e+02
2.004000000000000057e+02
2.004000000000000909e+02
2.004000000000000625e+02
2.003999999999998920e+02
2.004000000000000057e+02
2.003999999999999488e+02
2.003999999999999773e+02
2.003999999999999488e+02
2.004000000000000057e+02
2.004000000000001762e+02
2.004000000000001478e+02
2.003999999999998920e+02
2.004000000000000057e+02
2.004000000000000625e+02
2.003999999999999773e+02
2.003999999999999773e+02
2.003999999999998920e+02
2.003999999999999488e+02
2.004000000000000057e+02
2.004000000000000341e+02
