-2.000 -3.916147
-1.900 -3.433290
-1.800 -2.967202
-1.700 -2.518844
-1.600 -2.089200
-1.500 -1.679263
-1.400 -1.290033
-1.300 -0.922501
-1.200 -0.577642
-1.100 -0.256404
-1.000 0.040302
-0.900 0.311610
-0.800 0.556707
-0.700 0.774842
-0.600 0.965336
-0.500 1.127583
-0.400 1.261061
-0.300 1.365336
-0.200 1.440067
-0.100 1.485004
0.000 1.500000
0.100 1.485004
0.200 1.440067
0.300 1.365336
0.400 1.261061
0.500 1.127583
0.600 0.965336
0.700 0.774842
0.800 0.556707
0.900 0.311610
1.000 0.040302
1.100 -0.256404
1.200 -0.577642
1.300 -0.922501
1.400 -1.290033
1.500 -1.679263
1.600 -2.089200
1.700 -2.518844
1.800 -2.967202
1.900 -3.433290
2.000 -3.916147
